3556
57518
7810
22702
15219
43480
24662
9205
3570
51754
49061
38544
4509
18363
23849
44492
12987
3674
10158
22168
53635
22186
39278
6413
6412
22252
19353
31553
6417
26540
11836
2504
39252
22872
43871
7722
23935
4141
9130
39970
35680
37250
14504
39978
3563
47236
57519
3547
38549
4276
50749
12507
39894
47242
7038
13563
47109
20706
24718
2540
43877
35219
15870
15307
50737
17828
9096
34088
8980
47633
22854
42268
10628
3586
13073
57524
44741
26541
5944
13547
7365
15366
36437
4127
34085
44398
44770
34744
57948
40788
2809
23855
10144
39945
41211
7249
16157
11979
41466
3593
6831
11972
47097
40459
11948
32510
39973
7046
20815
7395
54733
44482
6430
14430
35248
12891
55613
22857
32554
13186
17057
11832
5685
3798
22851
11820
12724
40792
5684
9206
13989
44414
13127
20699
53732
4440
18416
13986
22822
15225
31332
22246
15871
33849
18474
10305
6468
4139
15237
14485
14492
22501
21743
9817
10278
5923
21570
38525
10627
54529
13703
2389
33851
44934
7403
6495
6900
4117
47488
18561
14560
22878
39245
23841
2398
1546
25451
55620
13352
3550
15245
39893
20845
22828
20755
15257
33706
32946
26629
13364
14482
35681
25476
25490
29233
39987
14576
39992
56666
17981
24081
2641
41828
44510
17693
13903
49480
22117
58816
13083
32552
11837
24254
5677
7812
39657
25443
24189
10308
47185
57488
54731
21467
36952
57525
54741
49070
6806
37257
5697
5429
15258
23494
32937
3610
5043
4133
49503
47240
5326
9200
44760
3606
43878
39988
4853
24181
5927
17690
14398
59390
56654
10175
6497
14557
7369
36448
22853
17691
38538
4123
13371
6668
47180
13381
40790
56664
57470
12896
4122
6808
11829
39947
30255
7816
3505
11950
10758
36225
35570
2964
17814
3253
35463
40686
20675
22180
22095
4737
35692
42124
3580
44747
44936
36469
13373
17696
26525
7323
20839
57528
22868
34508
15711
44420
33855
9214
6491
5930
36131
37957
35382
34087
5878
14498
35685
25488
46883
17040
31691
32742
22850
26524
3677
15517
6445
45618
4018
12856
13978
20818
4443
13379
21566
3590
20896
2496
12925
33769
15399
5699
47682
44775
3493
54538
37245
35693
2966
49359
24668
35678
17827
17712
5931
6362
6678
39965
39969
35683
44742
21569
37975
17826
11822
28658
25456
8249
26522
49356
3546
10172
4741
31555
40455
9198
47121
43236
15375
7262
13081
15513
4856
23921
4134
8990
51375
15262
12423
13068
6670
40448
36130
6661
21715
18405
9211
5327
7807
49354
5696
44754
22182
57493
24258
34757
36414
13673
22164
39633
20715
49433
10167
22177
15260
11826
15397
6474
11960
24639
49498
26529
51376
59943
38539
9204
12995
9013
7332
24820
45583
31554
38523
33850
39260
6425
44233
45623
47649
38526
26535
22188
10295
38546
40320
2505
15365
22196
6416
26523
23619
15242
3812
14336
17818
7043
4740
14479
44780
14506
5340
15898
59940
18550
25424
13653
32944
50747
26553
5870
39273
5330
39304
1727
5698
22199
24187
11825
22114
7044
35816
21091
26636
7729
53386
26642
38776
34863
19772
14502
12426
13987
3489
39979
36442
46099
44659
42271
4074
22727
2387
36483
56657
14564
10183
34749
2814
6431
35691
3604
26534
5683
5864
2368
34634
54734
5681
59937
28657
4742
3639
4275
43345
12509
31969
28313
21567
34652
26559
6363
3497
12506
13361
5045
14426
24301
5324
5906
9034
47239
22867
23905
26645
9122
4071
26648
6660
26618
13117
42045
3560
22174
8984
17034
34078
13918
24835
23917
34855
3694
19369
6448
11951
9000
29557
14449
26637
20683
57946
3247
47492
45582
5936
20887
3640
46114
57939
29089
20698
5682
15234
26562
8247
2511
3588
8994
12897
7040
20445
38545
42143
5899
39341
23092
9137
2817
26453
20441
43229
12513
57527
30240
44752
42128
6429
19350
24712
36416
57476
13130
12996
17701
42139
34748
43478
3649
12715
26560
10297
13368
41837
33831
40687
34089
46115
5339
15228
22161
34853
56653
5903
55627
10174
57520
30248
20716
14480
30264
14501
17767
29566
57514
22179
13078
7329
39968
1729
4733
33841
4441
34540
49478
29554
17821
17843
13076
38772
39658
5055
6671
8238
23091
35670
7037
57523
3218
51350
34862
3557
15256
31216
12874
21748
6450
49375
11830
32942
6415
22183
44411
16165
22192
40692
13138
49357
24701
17758
47181
17769
44660
22098
9090
23809
14486
15728
2812
44763
12890
40793
18568
32193
49373
57942
23810
44421
41469
49462
33714
54740
12881
34746
49060
24250
32751
3558
3609
22195
6134
47680
14555
12816
36948
44776
11843
43888
13920
3551
2369
13977
23793
7408
32940
9208
6345
19771
14563
17039
5883
10636
7384
17684
14447
42274
6383
15243
33690
26660
14335
22687
13376
39309
53387
26561
15248
44739
19352
43476
51753
47241
5933
22855
46606
33689
49496
47238
57477
13079
32497
39948
54966
36465
13195
20714
22173
38660
12864
17032
13067
3643
16187
11955
57936
41445
17756
13359
9104
17766
39659
13116
4444
38534
34743
57496
4483
39677
59176
49486
38784
8978
57492
7327
3802
24251
7047
3804
35707
22873
56665
10168
12880
40971
34756
56661
22165
7714
12717
29574
20688
26603
56659
50741
13115
6410
24182
55785
10142
24670
22866
54739
7374
18484
24072
49475
13549
55617
20889
20696
47643
13170
20894
5934
54530
50742
43874
22160
11839
3808
18400
12431
24259
54513
15518
4016
17979
33829
22184
11838
39940
50748
17038
8910
35674
59935
22163
49477
4019
44502
6802
24669
57522
15512
24775
33763
54728
39946
4468
14558
11958
5902
13917
39275
12902
17823
19351
14284
33847
42021
5922
1932
42133
26697
23680
13386
13192
23800
25685
26656
22193
5344
14566
6710
47243
49363
44937
53633
44436
3245
12986
22091
20690
22846
44766
7036
15401
6201
13477
53640
34639
9030
39303
33846
2388
6470
49460
9091
39974
9087
36485
47124
18473
44753
3645
24666
57471
49353
38770
15268
11986
5909
35412
35706
36430
39248
23804
25440
11959
31217
26628
2498
20697
7401
39687
4021
12919
32741
10630
8911
20689
17694
44748
23807
41446
38533
21750
17667
22096
3637
26644
35462
25471
8987
42802
33532
15227
4143
49501
26647
35694
23839
9025
19239
22729
40466
32498
9390
39983
21472
21063
15379
24482
3654
4274
57941
39971
3236
4069
26537
57482
9125
7713
39625
6420
6370
17682
22167
19354
26587
50727
15881
6805
26550
17708
26657
21745
26554
3554
39301
4270
29260
40467
40775
15265
56655
40457
17484
12824
24710
20709
22504
39266
43887
35695
5939
12519
15267
37255
22178
32496
13927
15866
14573
17759
2390
24429
44412
6347
5910
6658
35534
50754
33512
20676
18538
22105
2800
10632
15520
57529
49493
45624
13908
14488
36435
57489
15732
12422
47125
4439
49473
41468
12429
22253
24190
39253
12997
12903
35392
9010
31686
6359
9001
3607
17697
14493
43379
17710
17707
47237
47248
15899
38536
5693
37242
26658
12922
24727
26665
1917
23878
31219
47641
47632
18402
26691
9215
8986
2199
3552
32743
24663
20893
20687
5873
23682
44433
14572
20691
15368
22536
55628
14495
6816
17699
35401
26641
49355
50778
37244
2832
13071
24191
24665
5691
57511
35384
20678
44737
19028
12702
39247
25447
31218
6469
6137
20686
5287
12923
22190
12867
20888
57487
41452
30257
7833
18490
39939
4017
4128
15860
44781
15882
17963
54730
35792
34084
32939
14497
46117
15280
11823
11817
9086
4437
17055
55629
15736
1649
15241
13075
15734
10615
12424
40789
15230
26542
39307
9387
3591
59315
46841
24454
2831
35689
24451
12425
15288
17709
11833
12926
6433
50738
34090
39270
6803
5904
14503
26459
5940
24467
39989
40694
9202
12511
43473
22871
6725
10756
12430
22859
33531
12725
4073
35658
35677
14337
9085
5912
24726
2965
34753
7042
31945
32556
4028
59945
19903
13077
13194
22688
38777
32555
10154
49419
25019
31329
15354
21728
40456
15222
4184
17041
36444
20814
22876
20892
47246
3646
35845
13369
28662
34859
24121
22500
10635
39977
22869
15231
17692
21737
13377
24101
31330
39274
49488
14380
4183
33853
47186
59396
54742
11961
24743
59326
37256
4126
34828
33830
31551
5915
12921
4129
39966
53384
6317
24671
49483
17664
3659
15731
39980
3657
6490
49489
39686
10772
22235
4436
8210
23930
15867
34079
6360
33511
15715
4136
10639
4072
22169
17980
33710
18403
57513
13080
46825
5900
20713
24627
9035
49364
36441
54736
32949
37974
17035
43889
54732
44238
7048
26452
56660
5877
45866
56656
32553
23801
39891
15239
36331
44749
33687
29567
14552
18548
1919
14570
40486
18482
35686
2507
9386
53639
3658
39267
35697
26531
59330
19368
22234
44757
13388
7364
10267
42272
38649
14556
34851
2869
8996
18659
15514
26460
15250
32757
26639
10306
5052
42146
22825
3561
51752
39629
50422
29560
7775
22720
30239
6409
47092
15271
35673
24463
15286
39941
23851
24700
9033
13074
17706
27258
13649
3235
6810
15238
40737
20897
35533
29575
20705
46113
4142
3675
2833
6368
9217
39675
17966
13366
24302
13684
57512
49492
19027
22980
6153
6428
5705
26538
3596
46116
15883
22102
29576
46118
26617
33848
2394
51755
43221
43879
14483
13356
29569
49470
47640
13354
36433
15407
24422
54076
2501
7779
56870
15494
10640
2822
40969
41451
24450
6807
15235
2510
9026
8999
23094
38653
13137
4286
36432
40970
18476
39290
38522
54065
47123
40458
13907
9222
24184
4455
15496
33707
37247
38783
22251
25472
39277
25452
20873
12892
5694
53637
3594
26632
49372
4119
6494
6165
23093
15263
21571
57943
49378
15872
22189
46337
13969
30263
55623
41210
10279
43876
9207
53634
22860
3595
39269
56723
41834
22705
17033
57947
15251
49497
46336
23814
49495
12518
19329
26551
35386
32945
22858
7824
22848
59177
34861
36443
14496
39261
22863
11819
22714
4501
13114
22166
6465
49406
5897
17660
21568
13993
11827
56720
13191
39645
7367
58818
7799
41832
24249
7717
30262
3589
34852
44938
57937
46112
25420
1545
34856
20707
26563
8909
46098
9027
35846
47184
41453
26669
50743
13378
5050
32947
26548
20700
39302
22820
14569
45625
2497
43884
3653
44434
44497
15353
43297
25857
34635
17838
36482
24180
20856
7724
46842
7777
38540
18539
2385
54527
13066
42035
12515
26631
36434
44758
22845
29088
53727
2499
13118
14499
49487
39984
15352
16179
35817
13988
32952
6812
36436
39647
22097
33523
11844
26651
6422
11818
49468
14491
3585
34754
11949
33510
3228
33840
39639
11841
23906
2383
2376
44460
39990
5937
29563
47099
10613
6672
4068
26558
36487
15504
9382
14490
9002
36480
6486
43477
6376
31942
26539
7366
7246
37240
39735
10629
58819
40482
33844
59178
40693
18407
35684
15220
54068
31685
21735
22243
2807
44746
3644
43237
11828
58815
10170
42276
22829
50423
38647
33115
10742
47244
34747
49062
22847
29063
7806
24714
36228
39251
6462
33524
57497
40774
4340
35525
6434
22852
54514
10626
14487
13362
11816
39991
49059
11976
20868
4282
53735
33764
49491
22241
15507
7039
13642
5928
14509
18665
37253
35466
49352
29570
12522
23904
4140
26547
5688
37241
26555
5917
13538
13984
20684
44435
2506
22245
30237
28315
43475
12886
13087
1547
49417
23840
55616
30252
21079
5690
17757
24711
22092
14505
4070
41836
49362
15229
15254
7805
43881
6377
26552
33766
50421
31213
24253
59942
50279
18481
13382
8977
49504
13555
56410
49505
54735
41447
15501
23808
10148
39254
29568
25441
15358
12814
8988
2988
34642
12813
34750
7261
59939
3797
23914
53729
49371
34751
6801
26533
18537
23936
59160
1805
35659
32495
36467
44779
19364
9031
9032
23859
18406
39306
17768
17959
24649
23919
24702
5689
6636
12427
3564
24717
35655
4855
24664
39949
2503
9220
50376
46884
6341
44751
5321
12420
4438
26456
42043
44761
17842
55783
33530
15377
43875
47501
39616
13357
34788
39976
12685
5901
3553
57510
24720
39643
3488
22733
24626
49499
23679
18545
22815
38535
22242
13065
56663
7728
3608
6372
6811
7321
58817
43222
11815
35696
2393
13383
24255
26661
57467
29558
22194
14327
22837
22830
49506
17036
39595
39942
38548
13360
36329
34640
45600
4078
22816
13537
34790
36429
39656
4025
33856
9219
15261
32951
3587
6440
44750
41450
26527
18479
43880
26640
36456
21747
49481
54528
9089
38779
6813
17695
24186
38541
10266
35690
11831
12821
15495
13353
3670
4343
26634
4130
29556
7715
19311
26652
38547
7263
3230
36486
39310
15509
2495
42275
45594
39972
15236
3655
4506
6374
6432
14562
39646
47110
12857
17698
22159
41454
3641
35679
6154
38780
22831
